
size = [1000, 12^3,15^3]

dlpoly = [15.355, ]

ppmd = [18.2601287365,  ]


